filename	imageID	brightness_median	brightness_stdev	saturation_median	saturation_stdev	hue_median	hue_stdev
002993d33e4885a21359e4bffdef6ebe1405117867_full.jpeg	1	218	64.0057	123	81.3557	137	61.5611
00b0bd7aa79494632ae1843335cdd7af1444082390_full.jpeg	2	239	71.4478	93	86.976	132	94.6054
0145388e3ecfdb5a63ce1e9feaeef44a1279141923_full.jpeg	3	222	67.7099	113	67.808	91	79.5727
0147a7268ae1c79b111c8fd62fbe8fbe1433796778_full.jpeg	4	164	85.4775	90	71.3255	148	63.2047
016bf790d8da3bc62597f79c7141be391459210713_full.jpeg	5	172	80.3077	43	50.5202	59	77.7632
02c4bcdd4923f6683cb849e16f310a8b1554444760_full.jpeg	6	249	72.6203	72	41.0603	104	71.6509
02c530d043b143dad21411847543a1511532555974_full.jpeg	7	105	86.3804	57	76.3162	147	82.8318
02efb5862c8f76d2d9239913c3c323d71475742970_full.jpeg	8	245	37.613	102	88.1654	149	47.9178
032245ab62bb06c16aa8a789f5e3c0a01483481129_full.jpeg	9	255	59.4	0	17.8788	0	59.7163
03562ac02cc553a6cbab7a7c66d0f9f01436460065_full.jpeg	10	223	52.892	38	49.3788	106	85.7722
036c94886386a9dd8d7390d0b1cdbc5d1542154530_full.jpeg	11	155	61.6618	91	78.7011	148	66.2645
0387c0a9b146f5c28022531f01578e8a1487383801_full.jpeg	12	161	64.3802	241	71.2319	250	99.8376
04110a0802497df7eedda1d169f7ef3b1514497672_full.jpeg	13	243	67.988	60	47.7791	235	88.4424
04b29833ccaaf2ee6bda1d08f2f02ecf1539039197_full.jpeg	14	247	74.9796	5	86.1873	19	79.6102
04f1dca1fd0dc400fcd8eb1b6bd71e4e1437159674_full.jpeg	15	156	80.5089	97	64.7953	28	89.3581
0596d472c2d22364f518b189a84698e51469651323_full.jpeg	16	169	62.6342	55	38.6691	156	85.5727
059adbb19d193db985e97f1c5871a4911515055626_full.jpeg	17	222	44.5311	123	72.0556	147	49.7277
05b760c7cc8eb1a59e1ba4679a78d6fd1412208964_full.jpeg	18	222	65.6623	26	74.6975	156	43.0713
06f2c7030f794acf0bfdd34e5735bd191465708255_full.jpeg	19	189	82.14	20	87.6156	127	75.5685
07074b150c56e91b313f93b8b246c0451489010084_full.jpeg	20	69	68.7142	28	59.5809	148	76.8048
0742aadf638509c7a0319e258e82149d1493158752_full.jpeg	21	160	53.0157	58	47.6488	21	84.7297
07f56cb3c9220952600b0975a883b0f91546997210_full.jpeg	22	76	86.0816	55	70.3991	24	33.6902
07ffd09d6983a3080b411232c359f9661434056949_full.jpeg	23	186	56.667	145	54.9559	67	65.7514
0805670912bb028b4201de3e78bf1a011341862438_full.jpeg	24	98	79.4877	103	61.5883	159	82.9998
0864e47743dc6298ac3ae945d85dc8161496775332_full.jpeg	25	215	58.1901	76	76.6406	136	56.2881
08918192d87bc1718efd977c683187031452280865_full.jpeg	26	86	85.6419	127	62.0342	181	99.3311
08ab9998d9d0641d3ffc39a4467f84581365189311_full.jpeg	27	233	46.1008	106	64.7564	147	51.9337
08dc0b300fca1be155cb7d6252fd3c0f1562792915_full.jpeg	28	233	76.7892	12	58.7999	23	100.0372
0a87bda81e1bf231e22dbece79f5eb411523241970_full.jpeg	29	182	70.4122	50	47.6098	91	46.6165
0ad95ed4fd62f25cf311c5c19d4198661325696546_full.jpeg	30	133	82.4358	73	66.7889	142	74.1618
0af3e3b13d3b9371c338a66878cff6151530795404_full.jpeg	31	219	67.827	45	57.4651	38	81.7913
0b07451e9b20be6c024833a762a2e6a81538837010_full.jpeg	32	153	75.3117	51	55.5156	145	66.8719
0b8232f22b46d36f8fe52f4127da09c71482733705_full.jpeg	33	238	52.4035	55	57.742	60	100.7977
0ba77ad51b68432952911659d1ab14ae1396374474_full.jpeg	34	137	78.5755	162	84.8037	70	84.0296
0bb2e9ba6cee0d7597b046035ac15ea61530858781_full.jpeg	35	234	35.302	47	77.1495	150	60.4565
0bed4414c42a629cb1b1266d1f2d00e71411672392_full.jpeg	36	234	78.1905	85	64.9283	34	69.0188
0c3efe244bb0352eaa92d317c9ffbaae1357318199_full.jpeg	37	255	32.4186	109	92.321	40	94.671
0c40842ee6753a33e292ab258eb901171406587958_full.jpeg	38	204	67.8528	89	61.8516	140	75.8812
0c4e3d1966f490d1fd02a86e88dbbf8a1423784130_full.jpeg	39	232	28.9071	15	87.8638	164	71.4628
0c7a446d4b906b325acf65f78cbe4bd41459543054_full.jpeg	40	80	67.2733	62	27.4948	187	68.5171
0cceac969f333e6f28c2f667ad3820131541631971_full.jpeg	41	57	99.8106	5	80.454	42	89.6516
0cf2bb1d8613e37f7b8913b0cc85065b1389123747_full.jpeg	42	255	62.9781	0	72.8099	0	63.3158
0d3a3b9f3a98c68aee053c0bd4bd209b1459791495_full.jpeg	43	78	69.9536	90	52.078	191	76.3988
0d9b4b1ea1fa85abd0472c0d1314c2601459549637_full.jpeg	44	57	78.2651	161	57.2954	207	114.4003
0db7fa4e77f188c4066128fc958e2dc91515741851_full.jpeg	45	155	73.1467	53	57.4045	148	74.9533
0e1f695c5f3d9629d4b6b4b2cf93729f1460330137_full.jpeg	46	244	65.6854	80	76.2683	141	78.1677
0e71f08f4c295126888cc5e9d8bd7abd1388433166_full.jpeg	47	165	71.0703	65	54.0415	80	69.7367
0ec45a1a2f45ad94ea7c4d9be56d518b1507065168_full.jpeg	48	192	60.4597	61	50.5243	26	102.5158
0ecc80ed74ddb2c26df3c0c8711cda671515201557_full.jpeg	49	156	59.1943	45	62.78	77	51.4229
0eceb5e875bf8a87799d16abe43ed1701500429555_full.jpeg	50	56	79.0529	234	53.0667	8	47.1327
0fd1082ae518bbe2d8f86bbb5b363a4b1569972548_full.jpeg	51	184	60.8256	122	66.4746	140	83.43
10087727231e15280b95f55cd689738e1506994552_full.jpeg	52	164	74.9655	123	69.7438	127	78.5406
10b117017d07aa836665f0608ef46ad11498717948_full.jpeg	53	122	76.7769	71	65.4613	93	70.9298
112c3548fe85ce7011da22f9ff4cb5231388688447_full.jpeg	54	196	77.9745	80	51.2164	126	82.3761
113e3214f291fc167742e9ef02f8593e1404823328_full.jpeg	55	227	37.7571	46	42.962	124	69.0675
117f221a9dd3d3a26d9273bc9cca47b71444308191_full.jpeg	56	74	67.4741	91	39.6808	127	27.7623
118cbf9283ae293482f50929444cd2821459548131_full.jpeg	57	112	69.4221	132	78.0657	143	90.5508
11a62f3a994a5141b676a5143f446cab1372351901_full.jpeg	58	219	85.5244	12	64.1894	11	94.9669
11c125c38f606f32e366b7e11be746361364596545_full.jpeg	59	94	73.1694	111	72.9628	79	67.4067
11d01819ab5ca0f94ebdbc1f82f345181525472777_full.jpeg	60	253	53.6134	6	65.9955	21	96.0206
127eca8cda95be215f1c562562f72d5d1546269591_full.jpeg	61	63	63.5782	60	49.5379	34	25.5745
129170106f436c0b3858d5c29f4edffd1411664675_full.jpeg	62	193	54.1829	49	56.4723	27	59.4487
12c4005cf97b95e149e841d1a3a6bbe11490302419_full.jpeg	63	135	64.3825	121	83.0775	152	68.5704
137dacec22706566786f389c169e7c631357592135_full.jpeg	64	171	58.6381	115	60.988	132	53.9011
138123a3f2f99a62701bf79a7b2e17f41411849923_full.jpeg	65	227	65.4526	176	71.2057	150	63.6085
13b484b48acc14537703fbc505b087121558560482_full.jpeg	66	139	73.9261	112	55.5957	15	54.7027
1404ad50bf681b51f11b7e0f98021d0e1491959166_full.jpeg	67	129	65.4428	100	49.0516	27	27.6069
144827cf0ad5a2cc84abbc9072da97fc1420319530_full.jpeg	68	164	68.7924	80	59.5779	154	76.4899
14b8893e3a46ba0bc9038150be10b4da1396550597_full.jpeg	69	133	77.2982	91	56.6573	122	97.8694
153485f765efc8131b7ddc924538d0bd1459362513_full.jpeg	70	145	85.5589	190	82.5327	23	71.7152
1573d084547185548e5be03c8f2f6d791539039376_full.jpeg	71	146	72.0915	108	78.3262	144	61.5591
157baf2d561a600b0581c07d8d509e281342037824_full.jpeg	72	189	54.1644	100	56.5158	42	76.8012
159148a04cab24048b85b32b100adcca1527268997_full.jpeg	73	223	89.7724	90	83.2895	99	77.2808
15a59c8efa8ea6cccb53fff530c2f1921548272848_full.jpeg	74	157	75.0899	116	78.9556	42	76.6249
164d97b9af160c45490fc037e89ef38f1412274357_full.jpeg	75	244	62.2302	64	53.0354	138	58.7491
166ebe54def566fb69d7eab8ec15f46c1530981011_full.jpeg	76	185	57.2005	61	41.8429	177	78.5864
16750be6cfc1cc06cc32869861f49af11541633068_full.jpeg	77	172	72.436	90	63.986	38	62.9414
1695b24f123889418228be89e00b9a0d1570828158_full.jpeg	78	176	80.8223	123	57.16	197	98.0447
16ab7fe3bf03bbd09f05321509cf5ac21515190148_full.jpeg	79	213	60.1775	45	39.1709	143	73.6389
16ae1f4a4998fe83f4917e23973407261531115539_full.jpeg	80	160	61.036	60	45.9774	143	90.6958
1702d67dd756f8a3ddee79c4c61946851406669771_full.jpeg	81	240	63.0994	43	64.3598	127	109.0992
174d1540600069f792a2e25f43ae40c31491556645_full.jpeg	82	214	54.7275	45	55.4989	32	83.0239
1814a749cb1e3d4aaac27a7c4fbeab8c1525386214_full.jpeg	83	176	60.4857	62	35.5489	165	84.1623
19fceef2ff8dc2899fecfa36bd741a341498718299_full.jpeg	84	89	90.8281	19	61.561	19	75.2506
1a25b31dd88fef36446a90a2ae0534991507464677_full.jpeg	85	209	56.4313	56	52.8555	24	87.8092
1a39d39cbe3346cce5e44577cbb895041579741401_full.jpeg	86	152	87.2855	188	78.4572	32	96.4184
1a5cf74930e3f840d1e4722a243ba2c61452284006_full.jpeg	87	232	43.1828	32	24.6512	21	49.2615
1a9923d20f3cd042580756c0a34230d71388779565_full.jpeg	88	253	53.1528	6	48.1813	16	75.6673
1a9c1ea4f9b84085b9f093cd9152e0681541054909_full.jpeg	89	209	68.9473	29	42.6335	198	94.1476
1ac5964acca6075b83c1dd8329ce76661523323666_full.jpeg	90	194	77.5557	59	77.3895	142	68.9919
1b7b13d547ab551edd381dd21e52c5c31372367873_full.jpeg	91	241	72.3161	0	37.9907	0	68.8971
1b8bbdf3fa604e61cbf760cd93a6ab901570139985_full.jpeg	92	198	66.0569	102	72.8143	166	72.6696
1c1df98707aa0f22aa54342af725e48a1491245343_full.jpeg	93	233	54.0726	49	52.1885	21	51.7368
1c9c7733c6a4ec31ff258e1ab1fef4fe1428119941_full.jpeg	94	230	54.2434	48	53.4299	36	83.0956
1cf733245a0723e1cf7a6bcb8b0ce28e1547994851_full.jpeg	95	255	73.9844	0	58.68	0	42.5364
1d18f6818959fd8a3c0869919572a0ad1459475805_full.jpeg	96	137	58.7554	114	49.8138	18	59.6882
1e7e10cffc04a46c30c53486cc6f070c1377824102_full.jpeg	97	95	94.8279	127	102.5549	36	75.3801
1ee8628337834531f6427a97248129871420484061_full.jpeg	98	123	77.0819	128	49.1375	138	20.6482
1ef4549fcc8dac99124c88762dbc8fa61341866033_full.jpeg	99	234	54.1942	77	47.5387	123	62.4957
1f17c05c28b5aa27bd9a02f6a6d3dda01412914245_full.jpeg	100	252	58.7989	45	63.196	154	104.8827
1f6073f87653b5f5bde8e2979902442c1533259324_full.jpeg	101	124	70.0898	212	73.9281	148	40.695
2060658bab4ef5c071ae76b619004a941581632821_full.jpeg	102	208	78.8149	138	75.6797	231	80.3158
20c0f597a7017bd01c64711f49cac3e31333478264_full.jpeg	103	255	45.2266	9	36.092	146	48.7932
2105c476cc451b036d920050ce59a2f11515106124_full.jpeg	104	236	76.0527	41	64.0232	42	95.9253
212f23abd84789d53c987a004a06803b1570171168_full.jpeg	105	189	59.492	80	52.7143	49	83.2653
215e97cf8b80fdb418aa951d66115b831475395441_full.jpeg	106	245	59.4103	23	71.6896	29	77.9533
22034f45c0f40a0a1788fae815711a331475267038_full.jpeg	107	117	90.1635	115	86.4241	32	93.0154
23298af0a3c30f54877fcabaaeaf06481396999865_full.jpeg	108	117	84.6209	58	48.3233	98	76.242
234634f92d5388850e4b9328bc90b7541483654581_full.jpeg	109	255	73.1989	0	38.1869	0	59.2749
23ef786bfb7b4666c9b94c57f830a59c1467752978_full.jpeg	110	224	64.7208	86	46.8927	37	90.6809
24084a3df51788e818096663b8cb8e751491247311_full.jpeg	111	41	61.9706	110	75.1297	178	74.8521
24269b54d7f7d67f03c99fdd8c405ddd1522538962_full.jpeg	112	127	58.4958	100	56.0096	128	59.6711
2436bb3a69b352f936a1ee35352382851356120260_full.jpeg	113	176	72.3982	81	63.9213	130	103.3121
24452933dd3f9282b32e49f0ce5fdc5b1546985597_full.jpeg	114	253	71.9029	249	97.6539	130	46.4375
25627becf63b169d19af7efee6122e791555537428_full.jpeg	115	178	70.6229	129	68.0183	18	67.7584
25ba2aca3f0251bc87190119a1c4c37e1543534531_full.jpeg	116	228	62.7265	69	53.2206	165	84.3851
26b65bd12651ad9588731727fae840fc1515112511_full.jpeg	117	253	63.0691	11	70.8321	17	104.4839
2744897b39bed49f06fce0ccddd76ab61577931713_full.jpeg	118	192	69.7778	59	43.8269	127	73.9987
27a0fa24ce5ac917e489cc5f5284ea911561665891_full.jpeg	119	167	75.8661	141	76.1162	79	99.1765
27bef5a4d1d0832d5a57d61edb37dcc21562025344_full.jpeg	120	252	61.7115	3	63.825	17	81.9344
27cc90a73f5954ddcaed89713b3949e21499190589_full.jpeg	121	251	56.3389	7	56.2215	14	80.4928
27ee54e7e9ec05447cc2d971c99fbe9b1562751577_full.jpeg	122	185	58.9257	80	53.0708	63	84.1304
280373cfd5d6c270ca614b21b883362c1507939705_full.jpeg	123	189	77.4257	35	47.5761	42	56.9289
28d0474e5cb2b17fbd4f9764b65e19b61549060465_full.jpeg	124	255	44.6375	6	60.4071	11	92.3519
290e141abdcdc83bde29f8e700ebbd051496110322_full.jpeg	125	185	71.4224	212	44.8912	159	16.1113
294147950163234facd7bde3366d142b1412462203_full.jpeg	126	231	53.9928	63	79.9302	31	90.1357
294fd51bc99b780e6209896e3953d0a11547656234_full.jpeg	127	244	59.2516	85	57.2783	145	66.4017
29b2e42e3615db7dd8286cebc6b57d071539992405_full.jpeg	128	204	34.1669	128	53.7236	158	39.516
2a560a83c5ba6eefb87200bc4a03ddad1467930221_full.jpeg	129	238	81.8937	23	54.9995	18	79.7004
2b2b1b0007f5de0264317a9afcb6ddba1522955283_full.jpeg	130	163	76.8956	70	68.9788	122	79.7763
2bc4f717a5823c891535dfffe7a9b6111542152513_full.jpeg	131	160	83.3553	115	66.5489	23	76.6977
2cc24f87a93c27a35cf3da7604503ab11578698885_full.jpeg	132	182	60.4572	59	49.1592	36	80.6245
2d1559bc96e45c0205462bdc86539e951475834693_full.jpeg	133	158	62.3761	78	68.0351	100	94.6888
2d4b44b152d165887221110745fba3601443819850_full.jpeg	134	94	108.6323	3	44.4336	20	78.817
2d83bbacc620c50d247bf32535c6c4321549092677_full.jpeg	135	229	71.9586	99	89.9045	39	75.477
2dea28d9e1164f3dc918df0bff7c4cd41507268536_full.jpeg	136	171	72.5288	70	44.8262	114	49.1549
2e0676fb1eebf156fe96ffb29b1681891543532662_full.jpeg	137	255	66.6811	0	45.3735	0	82.0913
2ee05df6e44530437069955b71f09daf1317839234_full.jpeg	138	183	66.7613	215	75.9788	19	84.1177
2f6f8d6a27624f41d071cb5063f9a4d61530947104_full.jpeg	139	118	77.3985	73	79.7109	159	69.173
2f7c66b2ae8919bb8475e5e6429600b01531117155_full.jpeg	140	43	72.9681	54	46.8045	28	26.8642
30228eb742c57e08dfcba437b0c528681484151699_full.jpeg	141	180	67.8201	87	43.9684	127	63.8502
3025f2a7a0017b257753a208b55068481514330222_full.jpeg	142	60	82.0247	35	86.8175	19	83.9305
30b59b197a01a614e7e55b1886c2d3ef1410486118_full.jpeg	143	228	54.5784	67	60.3711	36	81.6334
30eb07003c901066a9db027399c77ad41420598162_full.jpeg	144	209	61.4375	58	36.7052	151	50.2357
316cad91725ebe89703b8306e95e9d941564075240_full.jpeg	145	117	65.1807	87	69.4544	145	84.812
318890c82641999a0b2459972413e5e11404161454_full.jpeg	146	182	80.0932	141	96.4942	134	91.6835
31aafa34659589dd21c1935fa5b9e8d31547162167_full.jpeg	147	226	91.1249	15	65.8297	39	75.6439
31da37d7c4bd05f26a7a725c8644ddd01563476725_full.jpeg	148	40	52.1253	250	67.6596	4	107.6461
322ad2bbe085d7ad53beea371af5e76f1515179616_full.jpeg	149	137	69.0694	117	47.1518	27	45.8583
32364c0341343859046ed51f004216b41428009679_full.jpeg	150	237	42.4273	132	68.3651	33	80.4508
326cfb405a1f3285b92172ba39dacecd1373051662_full.jpeg	151	147	63.8472	42	44.5418	42	66.2361
32f76b87f950d9fcfec4bc302fa11e3b1436040024_full.jpeg	152	210	65.2267	114	59.2723	74	49.3723
33323d54b18748b5b792e686825089861512004169_full.jpeg	153	101	78.8521	100	55.4367	190	95.6426
3361a8826a8a95ec98e320b64962b3541505347682_full.jpeg	154	174	71.7859	119	77.5016	140	96.5571
337c0c4ddbc360b2dd4edc3b826189af1432160529_full.jpeg	155	215	76.2219	52	86.3705	23	93.3836
33c2be96128afbceefb25c670737ffa51388692549_full.jpeg	156	179	78.66	92	69.2784	38	85.6728
343fbff5bc29e9d0ef8fe736befe4f4d1412188972_full.jpeg	157	243	61.3979	16	68.9558	29	97.0506
34ac3d28db872f8af260b8406fdd93e01531500445_full.jpeg	158	45	74.9114	161	89.3945	164	96.5535
34b2a084e1614589fed31043179c99d11562799706_full.jpeg	159	187	75.9836	80	77.2134	139	79.9602
354ef4bb0e96d5a811bf746ab39e3aaf1569888917_full.jpeg	160	243	37.3039	53	44.7233	51	75.8143
35d1a1a60cd292c5ad2a9f4780713e9a1396987481_full.jpeg	161	225	57.2066	64	47.7933	48	85.5947
361c7be62685d032771ebde63c53f2381483178237_full.jpeg	162	241	49.1187	62	50.282	161	99.8154
36977e781ac4b09317621b8b4984b6431357336262_full.jpeg	163	224	39.4847	32	76.8611	160	65.8639
3711c8d7170680a6f6fa3503b2ca7da31572467477_full.jpeg	164	223	57.9724	42	34.0123	106	90.9463
3727644b109279e2cb405ac89b0f293f1452549294_full.jpeg	165	51	69.7349	77	40.0242	28	94.9995
3780ca878ee756a73dfeba8b63b0aa761444072040_full.jpeg	166	245	50.9754	27	53.7322	26	101.6546
37a8a4811f78c5a5c94b56b895bd70961499088159_full.jpeg	167	188	83.5722	27	53.319	160	93.8618
3836ce9289d1e8bf10f58e6292591f0e1428604683_full.jpeg	168	158	77.0838	137	70.0035	40	64.0642
38529679dfcb6e71142fd496087a7cfe1532553227_full.jpeg	169	251	54.7913	77	73.3804	143	65.2229
38bb57dd62113be9d617e3444caa27d51388427345_full.jpeg	170	224	51.8351	16	28.1348	28	67.4761
397a5870401ef5d8ed6a7bf0e0fa804d1554507432_full.jpeg	171	207	69.6935	55	63.9606	135	72.6978
398d07a0291f250929c2d37c278e85d61474071146_full.jpeg	172	225	69.8011	218	92.7136	37	77.2103
3999468c85d84fec48ef4e9285126cdc1435357508_full.jpeg	173	23	63.3214	75	72.0715	143	77.1629
3b08a3f3cc633034743b596e2727c1461515166825_full.jpeg	174	238	56.8218	54	77.6161	49	81.6601
3b5a18f23a00698f257efc1bba0666581452562889_full.jpeg	175	225	57.6702	64	75.3857	146	74.5525
3b63ca8429c5bed4b645000eab5208921515627980_full.jpeg	176	156	75.893	59	52.1362	144	59.3251
3b7183aa0e0b39430cd4f294ab4a9f231327959666_full.jpeg	177	243	56.7818	15	48.0295	23	58.6726
3b86bbf3ad40f36f86df634e138837ca1484112439_full.jpeg	178	245	57.3491	77	69.9173	141	66.8415
3bbbf0e26ea56bf53b1f7158f2011d0a1561489064_full.jpeg	179	127	62.1463	90	65.2274	34	42.8978
3c1de9ef7345de025c51ba20cfee30341542241298_full.jpeg	180	136	74.5907	78	63.8313	120	68.1646
3c7c9222cfa33e21bdcae187bdd007591521854044_full.jpeg	181	255	28.3845	0	49.3244	0	87.2525
3cc2a02548c242c19f668d88aa72a1ac1341524886_full.jpeg	182	200	79.2875	121	43.5361	23	45.3713
3cc855b30696ef70482ccf0ed345e1921388181894_full.jpeg	183	36	44.1844	54	29.7728	49	18.8084
3cffc4ef77330bb05354beb356c84a551535668546_full.jpeg	184	238	55.5005	158	69.0494	32	55.7412
3dd26515eb0b0fd2179a1a52237fc4281546554670_full.jpeg	185	37	53.1525	114	45.017	131	30.3592
3df5cccdd49f9766b9333a3e2cbd2fd11420502310_full.jpeg	186	149	77.8107	76	72.1912	42	85.3388
3e46bafb84d9c83349affa2d93c5a5fa1491107244_full.jpeg	187	42	35.5993	43	65.8147	154	92.097
3e476e829acba51349b6ac7f3ae379c71538080659_full.jpeg	188	241	64.0387	4	52.571	17	82.418
3f44a6efc0ab35d49cfa1a9344f7f8841499831762_full.jpeg	189	159	81.9602	41	72.8533	198	81.2769
3f825fe329ff491605d9a9f5cb0fdb021540009872_full.jpeg	190	208	66.1276	64	44.9998	81	62.8515
3fa25448454d0bad417932c968ab08dd1372814041_full.jpeg	191	97	70.379	150	85.0886	27	89.4377
3fa3b50e7dc9d580b5b6aa5da6bba6541428433138_full.jpeg	192	193	87.0668	31	82.5925	70	102.9792
40186beb1b031d2ab401520bf14050c31539076280_full.jpeg	193	246	65.3119	16	55.2284	28	80.0772
405295b1714f7167db84da5b56c3b0cf1491293698_full.jpeg	194	243	68.6292	59	46.0607	45	92.2475
4052cb0ee15e76c3795319b0a08c1ecb1467466859_full.jpeg	195	179	54.9194	22	48.9311	110	66.2292
405ad2439456273932d84a3227a8ce341435186406_full.jpeg	196	213	75.1275	111	63.6162	146	71.8515
40c1b21442b151f2ab2cecda1c5467531388785705_full.jpeg	197	218	79.1526	50	61.2637	159	95.0456
40cbda40ed7e21ac93a1923bfd7969d11396890296_full.jpeg	198	250	57.2627	27	43.1984	145	71.5397
40e69e936b635582fcc06d2d7c511f521341873931_full.jpeg	199	214	61.8722	57	69.0525	150	89.7228
40e6c04e05ce1efb08815b870a6d39331412797514_full.jpeg	200	242	42.7902	49	41.3546	125	55.4905
40f83e47cfbbf2fc2ce9ff08208d9a361468015307_full.jpeg	201	218	78.3919	34	70.7828	150	88.4859
413329a7fe4baf3e48eec89117881f611436317729_full.jpeg	202	127	53.3692	20	33.0091	142	49.9977
41b73fd37f07c16d00e5f95fe65fd6d01507070357_full.jpeg	203	215	76.2426	103	58.8055	153	72.2121
41beaabd6f91ddf47a04c43f7a84c0a71500717872_full.jpeg	204	133	80.6982	183	69.6714	36	85.3718
42017879b93b14e55c938393058431871333385644_full.jpeg	205	203	65.1701	118	65.0158	87	83.9116
4249b435053995a513fdfb4a770964c31452039373_full.jpeg	206	161	73.331	48	57.1431	56	77.7236
427663c5467a47bba8920b42b0d914601421362319_full.jpeg	207	68	98.49	85	65.9098	15	70.5737
429e4c9bb85bdba663ec945ee2bec6631460330376_full.jpeg	208	251	46.592	76	51.5653	32	88.5584
43486abc7a18d2a5fecf945da9b261ba1546549082_full.jpeg	209	117	76.4825	55	41.6224	116	64.877
43ea3545f4cd269d77ab1459b32c23921493158315_full.jpeg	210	79	68.0531	51	41.5097	152	66.7225
440fe475df96e973666eedd65bf167be1550299422_full.jpeg	211	119	65.6072	83	67.0501	150	54.1599
4462386a1d99869f81bcc2cf3effc7671375831867_full.jpeg	212	225	60.3129	102	59.6346	181	108.4587
446694d176bb4a7ddd7299d177d9d10b1487188471_full.jpeg	213	185	69.9246	122	67.0161	28	61.0533
44d2c5d1bc5fa8b121c71f1742707fc41356119053_full.jpeg	214	254	64.2718	20	64.039	12	99.6597
4556559011834ead5f19ca1a965c11631547077322_full.jpeg	215	242	44.1056	63	84.2225	89	79.1761
458efa8da0fc57b809b9e45eddaf9c561564607491_full.jpeg	216	151	67.6855	82	71.2147	156	61.3884
464752389742141621c5d8e4f84323cc1444425970_full.jpeg	217	221	53.2941	124	80.5881	140	75.5139
46c54f7172c40ab99aa63c9200427a891580335831_full.jpeg	218	240	75.326	58	44.1346	25	79.2873
47302e9f9128349dfecb0190e8e13a8f1412101098_full.jpeg	219	242	54.347	28	34.1668	67	76.3067
47362ca7ea9b03c780103068bb30864b1490213743_full.jpeg	220	180	69.9713	66	77.9153	135	56.7485
4763b56428b5ae91c05c10e31d70dcbe1562442391_full.jpeg	221	251	31.01	71	65.2145	149	77.4806
47eec6706ac29b64be06a0f52e36e24a1553641062_full.jpeg	222	154	64.7361	58	48.6188	159	57.2202
48091c328bcf5be14d5153efedc783af1365015656_full.jpeg	223	245	55.919	2	59.4448	2	71.8515
486f88e5889422c72ab7b12a58f794721554828665_full.jpeg	224	212	74.7513	143	92.4303	79	97.4571
48bc0191fecef518619afec551c714cc1421102011_full.jpeg	225	211	60.8677	101	68.1538	152	70.8617
48e295d4460096cb1b92df033cf4cdaa1483867952_full.jpeg	226	218	45.2767	83	50.1065	75	72.2863
49060cb7e02dd3d338273d2530e4888f1404663731_full.jpeg	227	226	71.5515	46	60.7861	37	78.719
4965b04951dbfd0e351b98ea363e32f61554598886_full.jpeg	228	202	58.5375	86	66.508	132	66.5675
498366622af749f7bec1975e0e78010b1451956959_full.jpeg	229	196	61.7395	91	60.408	152	61.9123
4992de79b0059d44964ce68810f67e361475922993_full.jpeg	230	236	58.7825	53	46.6773	99	62.9045
4ad64d902f920bef0d30d6d4496760b21428175588_full.jpeg	231	227	80.9981	71	57.8228	22	89.624
4af1352dfef762a7f4ab95fd2263a83b1388891357_full.jpeg	232	176	79.6235	45	57.7278	127	75.4591
4bcfa1957b6785289d711849033f01b71449288307_full.jpeg	233	136	80.3269	92	80.5079	113	82.5211
4cb9b51875f9efe28e0dcb8e079ddcdf1396717879_full.jpeg	234	165	86.4443	140	71.5025	151	44.4189
4cbfb16883364fb72ec70c3dbdea3ea21357307636_full.jpeg	235	49	70.7016	67	49.9201	184	66.8519
4d785b710da19b4df4366eb36402dff61475673477_full.jpeg	236	234	49.3674	23	27.4033	12	77.9542
4d7ef0fc83cac6a46acfe97cee9e5f241427844057_full.jpeg	237	184	42.844	121	51.2376	28	31.818
4ddd361075bae466b10cd706f73e0f451554625735_full.jpeg	238	56	58.9081	45	32.3285	70	64.5757
4e653adda1d5c4622bd496dc10cacf211451958742_full.jpeg	239	188	96.9799	3	45.202	29	69.2065
4ea073a64ebabedc9a2d2d690659c8c01579337678_full.jpeg	240	209	74.5858	45	51.0203	139	66.0689
4f1d962e1762d4009536245ba8ff21311324617556_full.jpeg	241	208	68.232	71	63.2317	142	88.8107
4f788a99f291cb250e52b9da609374d01493158729_full.jpeg	242	229	58.4267	95	73.8377	24	80.1957
4fe71ff4ce4cf1b0d13b814d42ba51bc1404629753_full.jpeg	243	70	60.745	140	64.8827	230	99.1149
50aad1dab4778d9fce6a2addaa29b3e61564101857_full.jpeg	244	164	78.0081	124	74.1826	44	78.1969
512c22f19bb057d6d0212244a7f23b731443967985_full.jpeg	245	199	74.285	23	29.4929	109	75.5474
5142ab9ed5dd56153b731de52021ac5b1379547918_full.jpeg	246	129	64.8107	98	74.584	144	77.1712
51b217ddf76813f060494aaf2348bc6e1499675866_full.jpeg	247	156	58.1273	36	63.2186	28	96.6113
51e9283b8ebb3d798076c1860a561e9f1562249422_full.jpeg	248	225	72.8797	54	45.7688	26	84.9197
52af57c1f5f6696931d1b630746c9c631537578221_full.jpeg	249	165	59.1215	119	55.5933	146	35.8498
52cb20fa5744fe54cbada3156d94ef891476841305_full.jpeg	250	213	46.8621	57	64.7219	49	77.2345
52edb7a843abacb4ff0f642c8eda14401325114125_full.jpeg	251	139	84.8191	91	93.5733	142	95.5693
532b88c174fa1767dca7f598e6873aca1483701646_full.jpeg	252	227	58.2256	130	76.7574	160	82.9875
533750c9078ac64f7606abdbb5e62a5e1444872589_full.jpeg	253	230	65.5624	95	67.917	170	91.7225
535ac1b5cd5c1f1072739e1863a6f1171449534391_full.jpeg	254	230	70.7576	46	80.8983	125	60.9691
53b073cb3b5876204ee79af4f6c451ee1349212607_full.jpeg	255	197	77.8702	85	73.136	21	58.914
53cad05568080e3cb31eb079173066fb1558734837_full.jpeg	256	204	25.8058	93	29.2609	125	31.3707
54255df186d579c2dfff7c25db0c49da1516840634_full.jpeg	257	146	63.818	52	48.4456	42	78.3132
54c15675670ba44c1f98c3e11ba0cddf1515030877_full.jpeg	258	190	61.4436	101	59.5921	142	68.8893
54f3322782c3fc6232d73494e9e187311396726961_full.jpeg	259	29	76.9038	5	80.9417	5	66.1325
54fe99a9855144e99dd135864a3ccae21428339406_full.jpeg	260	231	49.7182	104	74.358	38	81.465
5517e03413168381261af82e78643b681459548646_full.jpeg	261	97	82.4086	11	50.9413	18	58.4659
55215a441ad7aa6e1f1d1c95062f25831436469807_full.jpeg	262	218	74.2503	20	56.2471	60	66.9581
553a345224ffe6e92bbf9ed5f8299c001483469435_full.jpeg	263	254	57.9866	39	33.1342	28	106.335
5593023cde14f81a84ae8e8ca6964a051523145238_full.jpeg	264	233	73.5701	30	32.9677	29	52.1543
55ba27bee6e6e81cc5165c7f99a5858e1578587860_full.jpeg	265	212	49.5	99	56.7089	42	70.2576
5644080ee95b223b3f2a7f61ed0d2ba51460281973_full.jpeg	266	24	101.658	0	86.2208	0	76.1835
5745da9aaad18fab91e319a83755f97d1397076060_full.jpeg	267	44	82.5649	27	65.7825	15	84.4403
574add456582b87294130b10e2f1f72a1499433991_full.jpeg	268	64	76.7988	52	103.6219	39	98.6158
58d0209abe21f11da0fa61f13b49c04b1401840035_full.jpeg	269	90	73.6999	155	60.6878	160	53.0602
5960f418c00c5cdc1b21989f4eb9034a1404699660_full.jpeg	270	254	59.0108	32	49.0048	142	86.805
5a4525c6fc5508fa27f0ed229ad2cbde1396985147_full.jpeg	271	230	74.0583	102	77.4587	204	78.4202
5a459acf31a0be6fffb6207af1a9ca611532022569_full.jpeg	272	164	74.8446	122	69.0435	133	55.8425
5ac5fff410cb66c57ce0d2ea2617d08d1515076527_full.jpeg	273	185	57.9707	82	40.9816	172	96.179
5ad4fb6b4438a0d14d574601c2de66db1530554672_full.jpeg	274	215	57.6592	31	56.5713	94	68.0903
5b05d3b35d57f3ee1e676b2b1c2561941459523366_full.jpeg	275	241	69.283	9	83.9161	34	102.3563
5bdb23c4a980f0a3afbf3f3c749e74fa1372871011_full.jpeg	276	202	51.8423	107	85.3633	147	72.2522
5c5e67e3b740b7d609bdcf1dc13247801472856372_full.jpeg	277	216	36.2122	255	66.3358	0	115.3684
5c7e176aa972d2d41f0378a86cd9c1131475923572_full.jpeg	278	217	44.2782	79	33.9396	29	19.7883
5cac94f398c59ca3582fd5c8a75baed71530854171_full.jpeg	279	244	58.7782	22	49.7605	143	107.1228
5d15b54851219a0146da0f60259c9a411405544841_full.jpeg	280	216	43.8795	227	97.3557	254	114.8032
5d50aa025d0e1b17999ea760a3c7d9401428519808_full.jpeg	281	220	50.267	76	37.4116	148	98.2064
5d59d07333b214db3e482c5eb0feef391578958040_full.jpeg	282	240	45.322	37	39.3705	191	69.732
5da6a1f706dfc9243ccf0bea4a62ef471507941077_full.jpeg	283	254	49.0162	176	106.191	38	59.0671
5e0959a46056750b55a3da344f9800a21509568283_full.jpeg	284	64	65.5216	168	70.8327	155	25.8037
5e2029d2c96cf5f92af034feec6e72c91573014688_full.jpeg	285	170	73.8309	85	59.9115	158	90.0266
5e2d98db4c41c552f373441c7ab34de61483472913_full.jpeg	286	254	48.9378	3	33.7418	8	97.3185
5e5a8d0f46487186e64687b046e0eb691357673527_full.jpeg	287	204	62.8954	121	65.7784	66	77.7809
5e6137d212f3f7c80b51ecdfc480c6741484082868_full.jpeg	288	236	38.2287	59	70.8018	106	65.949
5eb3cfe7e591ae8e75576309adf309ef1372696861_full.jpeg	289	152	73.462	166	66.9033	220	96.3921
5ef67627d2ce3a15eb9aa365fd8319371475618063_full.jpeg	290	198	62.1746	64	63.3328	136	40.7565
5f9d50bdd044a1579c4cd4abd27052741578512245_full.jpeg	291	208	57.4576	22	54.4629	51	62.0266
5fb9c1054b6ecd601122f540a2caf5a91372922899_full.jpeg	292	111	62.5202	182	57.8386	156	22.9045
602bc1d131fb53b93afc94c1f6a32dd91444072546_full.jpeg	293	222	60.3787	43	37.7211	112	41.8226
60b559ca2c66389922db79106804fd901444168030_full.jpeg	294	224	43.668	46	71.3561	21	58.2908
612f38b507e628b6777b2ba9009b6df31425939473_full.jpeg	295	176	95.8168	211	99.2258	16	55.2064
61849030ff063efbe3db1967e784cca81403722479_full.jpeg	296	167	67.4458	253	110.7214	0	71.2723
6262971e7e23cb4e86728545c9b172f71444046558_full.jpeg	297	207	55.4509	127	79.0168	3	67.6746
62efd37b4358eb2302a4f3c94bb85aa91530946368_full.jpeg	298	216	58.6249	37	48.5103	31	68.3298
630663a7141eab297e4e4f91daf2345b1339706264_full.jpeg	299	82	86.1974	145	91.0403	29	84.8102
642b043fc0e0fecd7f301ce0725bc0971483178985_full.jpeg	300	219	56.1215	34	37.1689	196	95.1737
64e590d9c0027bdfdec7f2d8b80c264a1485143598_full.jpeg	301	240	65.166	26	77.2299	127	92.4546
64f33fa4db13a8bd798f87ea90bc187e1555304044_full.jpeg	302	189	49.7365	138	47.7635	187	37.0055
656934f99424fbd310f768a90a742f611529094876_full.jpeg	303	50	85.2648	41	60.5582	143	72.585
659fdc090d5d00fccc3e7662647192f81481323284_full.jpeg	304	115	91.2871	141	80.0618	24	59.7085
65bf061d56748adb0057e96f3b6221ac1397156105_full.jpeg	305	255	61.8563	0	52.4738	0	68.6931
660c6764c4cad0ee1c344a2dc2190a031514329409_full.jpeg	306	239	53.8925	127	86.5984	37	60.2792
661555d55d71750ccb387d03b9ddb2431569527335_full.jpeg	307	190	69.3851	157	65.7764	151	62.6941
662724f113230f788e456adae05138a11561507530_full.jpeg	308	58	71.5607	106	67.3737	163	63.4227
6719f63d550023c2577febfa877149fa1483983450_full.jpeg	309	196	66.115	75	57.6379	93	85.3521
678a58d26a711c162379022cf8636d071357755177_full.jpeg	310	173	78.6086	85	66.808	154	79.5543
67ecad5f9799853799674052d4e96fb51580256214_full.jpeg	311	233	94.8496	86	59.7227	161	93.2823
684ad6c99f577b7b5787182336683e531333392267_full.jpeg	312	225	48.222	28	62.0237	53	63.5654
6853acee89086eaf46dfc47b69a225801396566265_full.jpeg	313	221	60.7122	87	63.887	70	69.0178
68af8ecae409291f8d6278a82cbf9b491499909337_full.jpeg	314	222	48.244	74	37.3183	96	74.2001
68ce9afef020943e33944a0a75e571c91331943843_full.jpeg	315	1	80.6297	0	87.0764	0	75.4971
691011d134b441ab95ca1bc0ac85095e1493152833_full.jpeg	316	194	72.8543	69	73.85	155	62.7573
69265eb93a25ab7d8a9180eb18be87f91301520977_full.jpeg	317	209	68.8222	50	57.921	145	77.5284
695cf883638f4953935df60d641457bb1493158401_full.jpeg	318	204	72.741	52	73.996	29	93.4149
698978eb7949bd7ff17fc24bc5507ed01517265381_full.jpeg	319	179	73.3491	89	70.4373	148	75.0755
69d6d92c68c58654465f62c1c903d9911505343039_full.jpeg	320	174	103.3348	126	73.2687	23	72.6752
6a0ef6f3c75c62e2c844981db222437b1420159283_full.jpeg	321	163	70.7786	38	55.8388	140	83.9774
6a63d28dc4193210a69c83f1fca67bf21325886769_full.jpeg	322	71	74.3068	121	59.4873	172	106.3195
6a9b9b6ea239be382481eda83c354c761483176773_full.jpeg	323	214	64.6174	85	74.8306	159	43.2319
6ac75ffc09bdc81c6df78697793026191554851245_full.jpeg	324	213	49.7066	61	64.0649	120	67.648
6b8890ab6b1b43a1d537499b803366c21454957227_full.jpeg	325	186	70.5218	119	71.4512	155	50.9641
6c109728160434e952a2e4ddfec1844c1531041569_full.jpeg	326	233	35.2995	27	44.6787	49	54.0212
6d273aaff9098958aa5394c5c1cb99d71530574338_full.jpeg	327	146	72.4934	89	60.7278	145	94.7067
6d28a93bd474e377db459f05021f25ff1507942227_full.jpeg	328	206	59.3774	49	44.7202	22	76.4157
6de10ecb62b191e4ab2ef0927eec2db81483710188_full.jpeg	329	224	57.3091	35	47.9241	70	66.1874
6ea612c247f3a195045afc2aa35f0d8e1380419061_full.jpeg	330	206	63.6624	60	57.6106	148	77.5414
6f75a04362fadee1a5890e8d413d722b1477942259_full.jpeg	331	212	61.8544	73	58.0932	148	70.866
6faa30dc2ed522aa437390f96a9f64d21357328815_full.jpeg	332	63	73.6524	124	59.3028	164	64.6478
6fc4e475a391d3f1293c123c650ce5571441402678_full.jpeg	333	230	65.2158	68	63.7598	42	99.914
6fd1a6719108981ae2d04125f0768b3d1491614015_full.jpeg	334	231	60.346	94	60.3627	149	69.3788
70000feb0ad22a93e5fddaf9bd94b5a61577809020_full.jpeg	335	90	68.7701	112	67.91	160	73.8958
702604e9981650c67e5d7e3d690d02661532995544_full.jpeg	336	238	66.8612	27	87.7247	12	80.305
705b9f0f907db89429525652c69076fa1377559416_full.jpeg	337	241	45.5799	41	54.8179	24	76.9026
709f009f655cd4f3e45fe22d5f23b8231491460185_full.jpeg	338	244	66.156	25	63.3888	32	105.1267
712391b204434bd926acb402615254801469752554_full.jpeg	339	222	60.5479	113	52.7872	140	59.7293
71db9b8dbcbd69284df73b4c1e6ef3df1460066070_full.jpeg	340	170	56.6586	60	42.0631	36	38.99
71eeb4b45b0ad12b409162322d4291771548973453_full.jpeg	341	151	57.1494	12	31.5527	47	48.5907
71fdb236017dcba7006a08fa67bedff91365924507_full.jpeg	342	252	60.0622	13	57.4945	23	68.2369
720eb9fead5c0174135695d853ec74821518570395_full.jpeg	343	107	57.9865	150	69.5089	146	59.7944
72eef505e5a887ed969658ddbd7fbe781443658544_full.jpeg	344	250	42.2723	7	43.0227	41	81.0118
73548d4b1a4fe23f3710fb85f240c5b01495098296_full.jpeg	345	96	77.4626	168	62.9367	170	55.5017
73da2bc04fa3c225e8eea933982993a61475602593_full.jpeg	346	78	63.3976	35	43.1196	60	38.0455
743b1abd76bc4fbe9b6df5427a0d08fb1459904360_full.jpeg	347	174	72.3456	77	61.6138	145	63.4021
74c65447f9023cae095caa692569f80b1475652196_full.jpeg	348	228	65.5826	109	84.3357	121	104.6288
7565f57c352ae7b1a8ef17738153309f1499455994_full.jpeg	349	102	77.2495	83	61.2297	166	78.115
759dd20c7d5ca3cc630e2d27e2a7f63e1333392499_full.jpeg	350	241	82.1832	68	70.4951	27	77.2381
75a3c8db89390dadc97c555e48dfb7d41452561649_full.jpeg	351	77	76.5419	130	82.3593	139	60.2839
75c8ff7a84bac94f275d2a1c0c8f05601522906376_full.jpeg	352	57	90.8339	63	89.4857	10	97.6513
75d87960c388efc544be093603b8e9f01406669874_full.jpeg	353	235	64.5791	13	64.3173	18	77.7843
76754ee3b0c6d5bc465631812b9569fc1404972910_full.jpeg	354	249	63.5548	173	80.6771	204	101.6725
769a9f1493a19fa441bc156e5fac74d11467144284_full.jpeg	355	207	73.1452	68	64.3322	129	72.4988
76e57a2442157baa96ef9ff4dfc3ac1b1570582010_full.jpeg	356	254	36.6691	60	75.9522	120	75.8957
77c2f675aee836fbe79393b88c5771541531525457_full.jpeg	357	221	62.9641	28	55.512	131	83.6368
77cbe4a2108ff933e6bf1c03870c56ac1575329793_full.jpeg	358	151	71.9115	140	66.0151	171	78.3373
78226a3af3a0c6cb83219f592e8f444e1459964362_full.jpeg	359	178	59.5748	120	62.8579	176	88.7921
7826edecf94e1461041791278dab0fae1578958149_full.jpeg	360	234	62.539	36	42.0973	28	72.8596
78c95598d3ea3c1607c47ee25d5c04d71538904991_full.jpeg	361	218	48.3837	84	55.0496	55	53.1718
7943e146610905c512671cf3dfc2a4371539039331_full.jpeg	362	111	92.7871	138	84.0194	38	70.3737
797ea957308ea96dc188d24d11579fe41480964961_full.jpeg	363	112	76.6413	54	64.4186	127	69.0408
797ee6f4f0b43b1a1f96aa380d8fce4d1373187155_full.jpeg	364	228	64.8148	150	67.6399	137	47.2216
79f68cf5a484fd76a8541402219008bf1538685129_full.jpeg	365	255	68.3906	0	37.2371	0	61.4536
7a36b97db217210884787b989c48b9eb1412362077_full.jpeg	366	215	81.2244	24	72.7135	38	79.8121
7a9cceeb11bac434f192a5d3fec9002d1452527544_full.jpeg	367	243	36.6341	45	33.4499	93	61.9293
7a9d78a444da351aee6949717b4d57a91522805191_full.jpeg	368	253	44.2815	23	53.4573	18	90.5059
7aabc984a9c19707e7055e24eba593681452427810_full.jpeg	369	140	71.8041	69	43.4627	25	86.4014
7b09fbb42da3d9fa613ec1d025cf41df1411687266_full.jpeg	370	173	67.672	158	68.7903	162	65.2972
7b0a1af7b3edf481daff9666590f96a41467608461_full.jpeg	371	132	74.6159	49	38.0764	32	89.7647
7b30e330965dd4b3dfb464baa6116e571519666590_full.jpeg	372	245	56.8356	39	48.3362	146	47.0301
7b4b3c9b76fcbaea76c050be3ca2d0701443566712_full.jpeg	373	127	72.3293	70	71.633	139	57.4612
7b6eb5d137311493e569d076ff803c781380754792_full.jpeg	374	201	64.6778	98	64.7914	138	81.5415
7ba81b1709a87f5ca8930229b10029a61484092235_full.jpeg	375	204	56.1127	66	54.291	60	69.2715
7be2331224b533070ad5afb5e89c2d521498254688_full.jpeg	376	232	56.9476	81	53.4101	141	76.3975
7c0c0cd3958894b2dafc740ba847e4f11279141777_full.jpeg	377	237	54.8351	42	47.3809	53	97.3372
7c35ba5d8de703a64618f44ffb1a62ab1461893046_full.jpeg	378	162	77.2322	56	55.0275	70	84.17
7c3968d01a6c7aaff6e45346802f4b541507666216_full.jpeg	379	247	53.5477	87	76.6914	29	60.3073
7c71e58f419c920cc6eb4bba744d283c1380932808_full.jpeg	380	143	48.4002	42	24.176	46	54.6404
7ca648e473ef2c1e56c82f95045384981375477217_full.jpeg	381	237	54.0974	55	50.9175	124	77.3205
7cbdd404f0bb8827990eba58e22a1efa1405016116_full.jpeg	382	101	71.1308	87	71.6579	152	84.8899
7cf782a4e1b370ca33b36b33560c65421492725920_full.jpeg	383	110	81.2022	76	51.2629	84	94.5192
7d31dfaf49397a8cc1e490ccedea04e21422401583_full.jpeg	384	104	57.7408	85	65.5985	155	56.7766
7da2ccb8ecf6c5d58474907977f403c01556041780_full.jpeg	385	142	72.1494	76	53.3898	54	75.3564
7df141756f34e93887e8f103458e8ebd1523306370_full.jpeg	386	221	66.7823	63	75.051	36	56.9688
7e087e095c437dd1e69f964ed21d57db1500005005_full.jpeg	387	96	68.3535	165	66.3904	199	83.718
7f430180701beef5a7456e15f8dfb3401515660254_full.jpeg	388	246	54.8979	3	59.2323	33	77.631
7fdc1bac364cad4b9c864561e3e6813b1529088203_full.jpeg	389	151	61.3654	56	62.4285	155	91.3835
801bfebed57afb72d0bd21d26f62d5c11436314465_full.jpeg	390	204	73.1172	61	48.052	69	65.9347
802d1ecb13901df8b70d5f8f7ac4a1681468361048_full.jpeg	391	249	39.9832	66	54.7851	160	73.4459
80314f46c97f61248c6d945e76a06ca61333396790_full.jpeg	392	82	99.0476	25	82.835	15	82.9332
8056a82e973dde98ebb82abd39dc69731564519729_full.jpeg	393	218	65.375	67	68.8273	136	75.7868
8118cdb372b59fc25e687e9a281ec5b51487017969_full.jpeg	394	85	75.7295	166	57.438	207	81.005
81768983b78e9d34c69ba21997f396e11335926055_full.jpeg	395	239	67.114	141	76.4381	137	52.0302
81b089af2d4affb17c7e01cbf20638561365212516_full.jpeg	396	120	77.4063	34	29.3164	147	52.5003
81c8e63c75c277278c5e4321af0e31271420660361_full.jpeg	397	225	70.828	38	33.857	162	86.5589
81d7ab94ac21c379f1bda02b727d5f581570827991_full.jpeg	398	204	59.3346	64	49.6893	166	86.1248
82643347ae12c3c80c8bec22fc5ce0511578705556_full.jpeg	399	73	86.0668	166	67.1472	155	33.7349
826b47afb1bb53a9faf4d57321c7c35e1476262102_full.jpeg	400	254	44.0189	3	43.4323	9	94.1361
831b6fa67962b190279f49096c7455d21499729866_full.jpeg	401	255	46.337	0	21.2752	0	65.3279
8354d1bc2886bb05e8b537f962e2d2911475652280_full.jpeg	402	240	55.7843	62	51.0955	77	77.2839
837409ac43551c978dd2978d3a55f92a1415999996_full.jpeg	403	88	64.6142	139	60.4754	154	69.1598
8377c11c273d2736835c15ebfe69d79c1501721214_full.jpeg	404	141	61.9906	154	90.1829	129	59.3193
83f81ae9ac9b3ff32f03e259cbce3d741460065974_full.jpeg	405	243	47.3179	13	57.6576	28	69.5526
849d51d5304ca8f1350bf6c4ea1108891452032224_full.jpeg	406	142	65.0422	34	54.1107	127	66.5637
8522d0abbd4217fc6b4628b1488577561533274977_full.jpeg	407	67	55.7667	80	55.6811	21	66.5129
8588cf259d64d48b9064ce95826c76e71538571389_full.jpeg	408	198	59.8122	63	70.2056	159	51.392
85a0c35bab9f0775c2c30c7f970e77091475746204_full.jpeg	409	128	65.9926	77	43.3062	26	74.477
85c65c8830225c9bbcbda0158511e61d1515000706_full.jpeg	410	240	29.9064	49	72.227	149	60.0115
865b418af3b2d674b614fcac258e1e111507071133_full.jpeg	411	242	49.4398	53	58.4026	143	66.9363
866951e6efe095e8a56feca1c3ef2adc1532552829_full.jpeg	412	208	60.0787	115	61.2596	24	66.0182
8726361d451b91ba242e8483282048711515110055_full.jpeg	413	68	67.6783	127	63.2362	156	100.0159
873c27e421082f024bb235c590bd35fd1499834799_full.jpeg	414	213	60.252	106	70.379	141	76.0306
879b1e0acbe28be5e028bcb38cde73751483868718_full.jpeg	415	134	82.8281	120	78.5058	155	52.0273
8804d553f85126fbea78c35d6074e7e31550092881_full.jpeg	416	187	66.5931	45	67.2185	142	70.7346
88fd796020664ac4cfa103891a487e2f1523056672_full.jpeg	417	176	73.4345	130	42.1277	13	108.4274
893a35d45c053eb2171051fc591c07bc1396898246_full.jpeg	418	182	89.9489	93	81.1635	137	81.4047
896ea148297d3f7aeb12bd02463326ec1399425303_full.jpeg	419	82	69.9146	119	60.2703	34	87.0599
89ac3ce291c61a1d812ea7313675275e1435186540_full.jpeg	420	250	69.6758	24	67.6138	18	59.519
89f652de5eeea32c66b1ce8b8ed321fd1570055637_full.jpeg	421	203	60.9147	70	50.4253	51	88.0126
8a323f73c3923acc4f2a22d37a4267ae1444093208_full.jpeg	422	232	39.9752	58	41.2055	127	73.7049
8a9ceb3552ead9dc55d855b1c20e1ff71536179512_full.jpeg	423	228	54.1632	34	52.2161	24	79.0127
8aae68da50ab4deee3cf2799c5c920351444307632_full.jpeg	424	237	92.3263	220	70.2206	39	56.0726
8ab205b921e6879107d38327a241a78c1391046932_full.jpeg	425	233	68.0596	154	61.8984	141	59.521
8aca9dd7b5ddc46d0bd367264edc42361578547124_full.jpeg	426	249	37.3253	31	48.8896	21	48.5802
8ad9366eab2ceca1a872a26c5b96574f1446849740_full.jpeg	427	239	54.3627	62	82.5302	36	98.7804
8bf53346872f4ccbe932eed438dc88781389117439_full.jpeg	428	165	73.308	45	53.761	173	84.0147
8caccd3377ad43b31e02ae79d856691a1549191964_full.jpeg	429	206	65.0822	79	74.4623	30	64.7654
8daff5155c710018730b35407b4fd8361452264828_full.jpeg	430	189	64.9696	48	77.0372	155	86.2234
8e00875dd07ca1667a113ee7c80508131579741354_full.jpeg	431	193	70.1785	90	58.6646	33	93.8098
8e9deb3d532eb37c9d437ec63a8fe0901326138594_full.jpeg	432	255	82.5247	0	34.399	0	85.5271
8ea28471581ba584ff58478289ab7da41532130537_full.jpeg	433	235	48.1733	42	43.3044	188	78.0441
8ebe2d3342f17ee9537bfa68b8e4e7fa1364699314_full.jpeg	434	247	48.5089	50	47.7109	18	109.4854
8eefc5ad36f97ca0082fa912ec2984e01522885850_full.jpeg	435	250	54.7378	56	76.0485	42	97.7477
8f29f3c9831e154b5710c404f054e1ee1552422805_full.jpeg	436	53	66.813	48	69.3807	24	73.3362
8f4360f3e165b0356a5f9859f57bda4b1530856755_full.jpeg	437	90	83.531	77	79.5731	152	96.609
8f4d08f2e5f9f3c2c856bcd9aa73b6f31549125935_full.jpeg	438	164	94.3071	36	68.4542	42	76.8679
8f61d08e713fc25ad54cf12079836b5f1499856494_full.jpeg	439	227	64.2602	81	75.9369	70	87.4876
8f62e2477b04c56c1d8a0bcf2eddc1ba1425084853_full.jpeg	440	252	73.124	132	82.5794	98	77.5492
907863f23f7b2ee39b220ae09101cbb51539280535_full.jpeg	441	228	31.5232	48	38.6727	133	63.4535
90d16f1748906289cb4ff6b72565f2731507942341_full.jpeg	442	182	65.1456	69	73.7026	106	58.9842
91c3c07b001931bcdb342bb21b711c581404631762_full.jpeg	443	161	68.7389	43	64.0468	119	54.0506
925a59d3e5b5bb0f9e87d8afe51873bc1427920522_full.jpeg	444	234	79.5506	11	66.2192	28	87.0624
9276c447dd402676e10ca7e151073c9f1546895630_full.jpeg	445	219	45.4384	75	48.6555	141	81.3956
92c1f719681cf330ae4fcf63d1a5da631454530725_full.jpeg	446	150	68.896	137	71.299	153	77.4396
92eef3342009dfc3ffe1d46dad8677561474921698_full.jpeg	447	243	46.3904	79	73.3594	221	101.0428
931233b5ec5d927627fc2befd3de82c51538905668_full.jpeg	448	85	74.0819	70	62.7401	158	66.3437
931425db30c92009e04105b249e9906f1523049829_full.jpeg	449	212	76.0887	100	78.3032	127	81.0744
93f86790998560f5a3dfe2d17fb5ff3b1403820617_full.jpeg	450	160	75.8907	52	58.8169	72	67.2395
946a165bc3a7eacfe7812363ef841eec1555109861_full.jpeg	451	237	44.8244	26	59.7809	51	95.5122
948a0b2f3711ac4eda455fb9652063eb1535865511_full.jpeg	452	127	61.7992	54	44.6635	142	55.0567
94eac17b8d3ebe2ee6bc350e1ef5d01c1542152655_full.jpeg	453	83	71.0888	69	74.216	164	74.479
950bc6ca14531a80d6ebdab73af2c2851548366822_full.jpeg	454	225	57.7136	30	55.475	142	80.8131
9603d1d63886a4446e86860e0a304b271489008660_full.jpeg	455	129	68.9369	152	71.1125	151	64.9923
960c6bc0f0485cce7b86104dd213742e1538913760_full.jpeg	456	237	60.0662	51	95.1086	36	67.9571
961d72f6b3825bca53b772996d47eae91452021340_full.jpeg	457	209	67.8364	54	56.588	145	78.8545
9623d4b3535916a4289390665ad31b481514496828_full.jpeg	458	237	56.6698	52	49.9502	131	90.8191
9668d567f0eac7c864db0dff024a34271333122773_full.jpeg	459	175	52.1856	86	58.9534	86	44.1248
97b8c2d9f2cdb450a89e44569b9276901439846468_full.jpeg	460	202	47.9126	61	38.5758	29	55.41
97bf9cd2af93d6f5ffedd66e561afb871460068269_full.jpeg	461	155	54.716	210	91.7337	152	59.4754
981211045a13bf64782730e577d399cd1412621473_full.jpeg	462	87	53.0845	70	52.5408	173	102.8597
982ba5a7f28472398375dee48a9bf6a11365187649_full.jpeg	463	226	55.6914	74	62.3831	138	48.1927
98528102f887e665b8b88892cf635ff01444172299_full.jpeg	464	220	62.5601	31	58.3464	42	78.6316
98ea4207e23a2ea3e3af39ad641d88001533322009_full.jpeg	465	197	73.9164	138	70.5852	140	70.9538
992b4f4ee6bab29dc70b1c33bb5de5361372814618_full.jpeg	466	186	77.327	61	50.6157	48	88.0109
994354b3b71c72e20e537436a7923e021513147731_full.jpeg	467	254	53.5674	92	78.4276	135	69.4453
99d6bc26005ef5d16cafe5320fa4d5161564431767_full.jpeg	468	166	64.688	82	53.8068	150	70.7229
9a5a627d7b7e3ab596c5ad7ee90a3b6b1574294753_full.jpeg	469	89	66.6572	60	47.4204	151	68.732
9a95cc791707e1bf0a4f56462a0a88501522978363_full.jpeg	470	255	64.6925	0	44.61	0	81.363
9ac1c4e1b0a649363477827e30050b881452031391_full.jpeg	471	237	39.2683	11	67.114	139	61.5251
9affa5082b5565b1bb0874e274a0cfd71475201320_full.jpeg	472	226	72.1767	42	63.7448	28	73.953
9b11916ae9d5d8e53323ea072fd6157e1343265507_full.jpeg	473	132	88.3393	86	87.0767	85	68.5268
9b6507692191013c76711b5267353b981506377409_full.jpeg	474	242	62.971	53	56.6551	30	85.057
9bb411260cdb1f1aaa61833e65b87bd21534369766_full.jpeg	475	220	40.234	89	58.7092	84	52.0881
9bb4bfff9c611bb365a87c4b34176dd21452118832_full.jpeg	476	238	52.7802	60	39.6709	20	39.6674
9bcd2545e77b5c6b85fb4643e50c53241498717636_full.jpeg	477	179	62.522	76	58.9675	82	69.096
9c6f496c9bf1d83a9ca879bf90e975ff1339620971_full.jpeg	478	19	72.7335	117	44.0946	205	82.5844
9d2ef3afda769a1ec026fbef8e3961451548270906_full.jpeg	479	216	44.9194	123	58.4528	81	52.6069
9d4ec0fc3fa44d401cf64a6d01a48f671475508666_full.jpeg	480	154	65.1656	86	51.701	82	65.8384
9d7decb0e75cb64ccf45c2949195598e1452194474_full.jpeg	481	214	50.2998	51	47.2109	46	64.7296
9e1a4846885dc3994414b608f80490781531935326_full.jpeg	482	107	89.3683	97	53.456	143	40.7662
9e1c05e4711a225c7ba61d7d291e50321459641447_full.jpeg	483	254	45.84	9	47.6848	29	79.0875
9e47bfb83c75f3e1472c4db3c66a3c441420860641_full.jpeg	484	143	64.2902	57	69.7567	152	69.7759
9eeda4742cf03ebc5ca42500bc730a251577757213_full.jpeg	485	85	75.5537	94	33.1647	138	10.4341
9f3e830f3eec2455863584805e36c6231538688480_full.jpeg	486	202	62.9431	102	67.8164	154	87.3734
9f8894f961340ccdd9464a53b14ca3bd1538572740_full.jpeg	487	182	80.605	178	78.8596	167	34.0768
a0e730a94fc4025e28a0a25c91b6be7c1437159955_full.jpeg	488	89	78.1116	73	67.6298	146	74.2468
a13856557a3fa685fd12f85dab3c783b1475669513_full.jpeg	489	251	53.5696	65	62.1726	168	59.6182
a29e0baba24f3067133efba525be7a111491834515_full.jpeg	490	199	65.806	197	78.4236	135	85.864
a2b8d11869efab5a512a1199ce81548a1547076276_full.jpeg	491	240	45.7425	54	54.4172	67	105.9364
a32e9051ae6e45b5d9a24df9772d564e1403822513_full.jpeg	492	93	82.0142	64	68.0681	112	66.4421
a3508283e4fe7ad3c7659b052654490e1478092816_full.jpeg	493	154	84.2248	52	48.9353	145	89.837
a36ac807e1ad56523d0c3ca42e0763a61467463247_full.jpeg	494	235	90.7486	36	75.4507	34	88.9961
a36fca80fc4921ae3526be21f4ae20361420839553_full.jpeg	495	214	68.0643	64	67.8562	151	72.942
a5cba103977a415dfb3140a5e2cc73471499459585_full.jpeg	496	93	92.6028	161	87.281	146	110.053
a624f140a1c8be841889d3fcca597f5a1414524144_full.jpeg	497	142	53.0241	90	44.1731	220	108.1432
a6bf1ab5f4e7f5c26696847e784c46341510179280_full.jpeg	498	246	81.8942	102	63.8361	142	60.4219
a76da2cd5cf2f8ad5ff7f65bcdf7f9341515720475_full.jpeg	499	74	74.9432	93	50.4282	54	47.2278
a781ab95794a8b38745afed79e6814b51511309159_full.jpeg	500	80	42.8628	78	39.2538	39	54.2758
a8a938c47dd9fb234e1e6da529b2b5111443563063_full.jpeg	501	247	66.6886	12	47.4977	177	67.7987
a8e0b8b7ea9561c724d8a3071507defd1538904451_full.jpeg	502	254	67.6799	3	42.6072	8	82.7353
a941a19c00af2faeb8f34120a54ad19e1578890144_full.jpeg	503	223	71.7588	23	47.4397	42	86.7967
a959095513d0997e9be355a22b0ee7891547256783_full.jpeg	504	223	63.5571	38	45.6569	31	76.6873
a95bd04befcc31455ea7c985da2aeaee1569960837_full.jpeg	505	239	74.3659	46	74.2702	28	80.655
a96c256019920b13cff748e473228d351522977218_full.jpeg	506	199	78.404	103	57.0338	138	89.104
a9c1f36167964b81371db1bde94087861580166621_full.jpeg	507	243	77.9593	55	67.3084	41	60.253
ab1040e21dceb2f4866d623507dcafdd1336684022_full.jpeg	508	248	52.1935	47	50.9237	136	64.2882
ab12f915f6d8808cada2318a7138ec5a1491957004_full.jpeg	509	178	73.4913	27	55.9036	157	72.9142
ab13c151e688265c37c38d4575ceac781583288758_full.jpeg	510	129	66.6317	59	45.5441	165	72.1127
ab21e2b37d995124ea4a77f51f81becc1436371805_full.jpeg	511	237	52.4385	106	87.2339	36	78.6559
ab43fd8b1be7f2f3c6d3c3a277395da71536274184_full.jpeg	512	243	44.9126	79	52.3661	119	77.9495
abb59102f88dba0b083e225db4421ee01569893751_full.jpeg	513	211	57.2658	91	58.8722	40	58.6561
abcc6053c4fdcdab998997a8aaa2708f1475018758_full.jpeg	514	128	63.3959	131	68.3363	105	64.5072
ac12e55f9dab75f7e45136fe32eb72311515677911_full.jpeg	515	196	60.7203	49	54.5985	70	83.248
ac6d2494650531e9a04a904c644bb8781491428941_full.jpeg	516	181	81.4573	43	55.5191	177	71.3749
ad2b0b48b9f93920299b014bd70f24ed1428100037_full.jpeg	517	218	59.3217	44	57.3031	136	69.1967
adeebec82242cd8f432f4e244af81a061467608954_full.jpeg	518	248	54.0667	59	52.8909	150	66.4032
ae33dd128ae23ad1be9d65438f00141c1405097747_full.jpeg	519	202	59.8957	114	78.8126	180	70.2107
aec845d8085ccec1cc79b20efc0d58c51475290253_full.jpeg	520	75	92.5574	48	77.4404	22	82.7631
aeeb45d050d607c866782ce64947cb1e1526684207_full.jpeg	521	190	63.8097	62	61.7702	201	73.0082
af334aeaa3a5401d604d7333a40d9ccb1493161743_full.jpeg	522	211	61.4472	101	55.0953	147	54.9694
afbe92137e5717d72f8f0ec9a9dca9321423792090_full.jpeg	523	139	96.981	43	44.9909	51	65.5247
afc892b4d9467953e5ed6318342908eb1391496006_full.jpeg	524	213	67.9137	91	71.7433	142	66.8876
b00a7ac00ad404de0104ac1133d34ebf1458598720_full.jpeg	525	245	64.6493	49	63.9521	60	99.8628
b02e8e0d9f590d92c7ad3fd791fe0d2c1512769874_full.jpeg	526	238	74.5001	245	97.9302	137	55.2286
b062a3850315a43ae2eb1389541acb761581484715_full.jpeg	527	208	58.416	110	67.8805	155	102.1856
b0ccaf974df65b4a74c0b84f3696ecd41562788869_full.jpeg	528	157	67.8177	80	51.2836	33	92.0961
b1a29e869af7a67eef3f3893973b81321341534001_full.jpeg	529	241	54.5435	13	57.8	59	76.7872
b22619782b3d839792a268aa5ee3963e1456969538_full.jpeg	530	199	59.0343	130	49.4051	32	78.3997
b280bcf643da156b34203b33e1e08d071572404899_full.jpeg	531	69	81.0117	150	74.9408	16	69.5741
b28e626c84d3596481486d49ed417a311467834357_full.jpeg	532	229	67.4094	36	57.2882	139	94.1177
b2ecad9b4e66b71ade0a11e357f6d9c71326174184_full.jpeg	533	246	37.0833	72	58.0134	34	66.8401
b2fe1fea206c6135c99c90b58f4cb9ee1532543336_full.jpeg	534	195	53.7969	98	69.5669	35	62.237
b320cf05482edabddc2737bd427acd041420480756_full.jpeg	535	246	53.1909	22	54.9252	103	100.1289
b328ed36104495b95c04c514b4c2b6ef1442958547_full.jpeg	536	247	52.0573	37	55.0434	132	43.7697
b37a1cfc55bd1bbbbe406686b102dff71381182918_full.jpeg	537	255	60.709	0	73.9154	0	91.9221
b4befa6e58687a64462a3511062bbfe11348858764_full.jpeg	538	219	50.7759	115	65.2439	142	46.4888
b51c18650548c3b0da839a1b2f7e864d1529085500_full.jpeg	539	199	88.5945	93	80.1007	42	82.5379
b55af73258d22994da6763bf921dd3981411851215_full.jpeg	540	229	72.3413	88	59.2428	176	97.4563
b5c7374c04b114f58821a9a19d3f12421539265653_full.jpeg	541	193	57.3767	99	62.0468	120	57.8135
b62c3c6d70d38fa10904d76dc60d06761578969109_full.jpeg	542	248	46.7232	110	58.4079	27	66.4703
b65412c28f6781d1d05b8378f0c2c1391484084470_full.jpeg	543	238	57.6281	80	79.9901	41	103.2939
b65c07761b414df0f5875ac36adde5ef1507942080_full.jpeg	544	86	74.3443	85	52.9178	145	66.918
b699c3de88d10a8fe9e62febcae5a3731349386143_full.jpeg	545	147	102.8422	8	53.4562	30	50.5784
b6bdbc4e16e4f61c5bfc63cdc34306ea1480626126_full.jpeg	546	134	70.6352	88	56.089	157	88.0324
b6cb5d2061b72df2e04e6b9678acfa631483619277_full.jpeg	547	55	54.929	48	33.198	59	39.9328
b773092e4b340bf70af3483320f62aea1498686548_full.jpeg	548	243	45.1354	62	51.2315	148	77.3446
b7ce4b859fb5081ac27a54fe89ee67171446083640_full.jpeg	549	175	71.2295	120	68.411	55	74.0036
b82dd5e91eab13e4e84b0e4f29a7f0f31401836783_full.jpeg	550	153	61.4068	118	59.2325	186	30.1837
b841d550e4e8b37f78860b9d12091e921402512685_full.jpeg	551	180	61.5615	66	65.5876	25	81.7687
b866c2c6b15f76040b4685f3d03c4e971534192775_full.jpeg	552	208	52.2642	40	47.7964	143	72.9555
b875e1859893863a735e70051743c7f61532555393_full.jpeg	553	151	75.7699	120	72.7703	159	73.7358
b888c171fc749d4951e5711992960e6b1533939080_full.jpeg	554	178	52.4393	87	53.295	86	62.0977
b8e1ba30781a55fe5fe4ea52bfa98c9b1529085652_full.jpeg	555	223	69.4499	50	77.7499	112	90.081
ba814f4d03f4889fc80818119b116b211570840201_full.jpeg	556	185	67.8485	130	72.832	150	60.8592
bb673c0b1d84bd936c5819ed2b1e36701515252231_full.jpeg	557	211	41.5825	46	57.7644	60	93.4218
bc6a6632d9a1cbf1f8b0d233c26f14901365195220_full.jpeg	558	137	75.6599	104	83.7067	106	76.7224
bcf91aca242a6121922a362ad6077bea1396738971_full.jpeg	559	57	70.3845	160	76.354	146	41.2922
bd270bfef7fb3728f206c77181ff1ddc1530395200_full.jpeg	560	166	76.9102	55	56.8213	140	63.1022
bdb7cd339117868cd6696dce922f318e1571270456_full.jpeg	561	197	64.592	47	55.2378	142	74.7118
bdf6b01f9886f309457610afd57b68a11435989267_full.jpeg	562	223	68.3863	67	66.2316	151	81.5844
be611b65eb36149005789b740efc7a361333664528_full.jpeg	563	196	72.6596	89	74.2013	81	76.5049
be9da4b43d277a66dc4d6b30b0fc66451539039605_full.jpeg	564	96	75.1582	116	84.1014	22	70.6477
bf00bb9314272a29b058894cf331d6ed1483790667_full.jpeg	565	223	73.449	72	74.1614	115	80.9037
bf48884c9a037c2a99be2f879ef4ac201517264115_full.jpeg	566	113	77.9593	20	47.5189	170	63.2419
bf7eef450f46ab0092820efdbb9ebaf71524088559_full.jpeg	567	49	69.1305	69	60.1165	168	78.3321
bfc0dcf6dfb992e804d93ac901b58f121475743603_full.jpeg	568	233	51.9318	68	56.85	137	71.4824
c0763707da2f4aeae8ce78642a6248bd1532553588_full.jpeg	569	238	51.5364	75	98.7481	102	72.369
c0c8705c5e8333f6d31e745bf8d929e91507940908_full.jpeg	570	135	73.4276	38	45.6587	138	80.1772
c0d08a06dae2ed2877cd15e303df87491533959656_full.jpeg	571	130	84.4647	156	84.7492	155	96.5154
c0e4062c697750b7a32757413989f75b1474913023_full.jpeg	572	244	48.2232	109	67.9705	141	50.9259
c0ffae7b12d7900efed7c989734638761546916552_full.jpeg	573	225	58.7246	59	64.1966	23	86.0066
c11be10305fac9fe0d1e99a41e93df361507330592_full.jpeg	574	209	69.6122	120	69.3604	140	49.2169
c15e58f7beaf54646c1ad0bcbb4886ff1507336620_full.jpeg	575	246	59.8532	87	47.668	236	90.0722
c1d4c7085f1a2112ce1c21b1b43f1b8b1467896005_full.jpeg	576	222	63.7936	56	55.8051	37	83.0735
c21019f7c671dc5dd72f7c402a1237d71554983232_full.jpeg	577	96	90.0587	201	75.9289	21	55.3171
c265885a770bdcdf946f88bc7be14be11495662659_full.jpeg	578	174	89.0954	113	73.2908	36	84.6245
c269554bf4323fe75285e795c57e060a1475826088_full.jpeg	579	237	63.2196	44	74.5128	41	82.2352
c2eae46dd0742421cb9d59e8ac001d2e1356643672_full.jpeg	580	248	51.5741	14	46.9564	142	59.4936
c33592b4651e7cccf7ec66244e0f8ee81555537663_full.jpeg	581	45	83.0958	61	95.9069	127	71.5447
c374bdc67a096a55f109a93908effb7d1491484592_full.jpeg	582	161	86.312	11	45.9981	26	78.0481
c37c375a5bb578d9c5a2a2066a432ee71535153647_full.jpeg	583	236	26.2279	51	30.8474	157	46.1309
c45b9e6f3a7da77892cc836f694ccfed1571077423_full.jpeg	584	190	80.9876	88	81.6822	131	61.8865
c4a8a1fa13cfa6de257b624a40e248421437188761_full.jpeg	585	66	56.5505	98	42.8561	154	60.5115
c4cf4a91a0bca77f1a0954ddd48a2e8c1532552925_full.jpeg	586	255	93.9922	0	45.3307	0	87.8694
c4f910c11fbb50ea92ed086899c6190e1509670708_full.jpeg	587	216	50.6992	67	59.1609	155	81.5573
c57350bd3dad502cd9b1a2a9479b1f9b1482733446_full.jpeg	588	198	74.9049	99	85.7399	69	71.6883
c5bf57c09aa20dacefea976c61375c171350060834_full.jpeg	589	32	106.2155	53	100.1021	44	103.7716
c643f18fac9cc0f220c4cf797ef011981529088081_full.jpeg	590	247	39.3573	0	53.0951	0	81.4308
c67abd71a903f65d1610cd26959e755e1412715434_full.jpeg	591	248	74.98	93	66.2475	38	76.9499
c836efd49dded6ba59d4aa9e162222c61531953960_full.jpeg	592	213	78.6654	26	28.1465	150	67.5036
c918317a05a05ae850dcf1e832d41db21544441181_full.jpeg	593	201	67.5175	89	65.4095	152	81.2104
ca03f9d7a257910e2faa35f5d402eeef1577765593_full.jpeg	594	139	58.9899	48	60.2002	130	53.4524
ca81ded75159b3eba12bdc433184abab1500918988_full.jpeg	595	198	72.7963	54	56.2438	135	65.6421
cabfcbdfb646e8a96e4c2418cac38ce81538453543_full.jpeg	596	163	85.1828	94	58.8798	142	56.7597
cb9b38fa79ded7552a82b637ae4713171444266763_full.jpeg	597	147	47.5171	116	54.7346	138	69.8944
cbb55a6382682bf71e91f685c6473c5a1487736090_full.jpeg	598	156	60.6602	101	66.8562	23	90.5603
cc524e45cf051cc9aedf2865e92440161444328430_full.jpeg	599	37	61.7721	63	60.8076	22	77.697
cc63e8a94f2028ff91b9c451e023e10a1570487820_full.jpeg	600	158	75.3043	99	47.1598	232	111.4572
cccce22d1dfaaf713284a617ee0b539a1572467883_full.jpeg	601	171	96.0614	102	79.0742	36	64.157
cd29219a95ba07cf19a03065086d457d1285618435_full.jpeg	602	243	50.6625	151	71.2328	143	58.6796
cd61320a82ff1c1ff30f08f464a97f3f1571635066_full.jpeg	603	187	63.0555	58	52.745	27	69.548
cda9bcf111c8a974295a683c643f89801459737569_full.jpeg	604	252	71.2237	17	55.4416	135	68.2793
cdbe78e3c259363f08b32a6fb1375d161507940549_full.jpeg	605	226	58.1201	91	72.4431	73	75.427
ce54c8c3187f123afdf1cc3ee33d01d01397077264_full.jpeg	606	255	36.8145	0	41.3256	0	77.3225
cf2965b2c053e2edc9b8b24e4c190f381530980453_full.jpeg	607	213	80.6991	44	53.3069	127	86.8297
cff1b0a4ff024ae982b120d135da22271507594687_full.jpeg	608	166	74.5002	12	96.2032	1	109.1456
d095879534187c6f57546b2aafb8b5361404912213_full.jpeg	609	235	68.4642	21	53.9559	46	87.9484
d13ced1c661c61c8f70ad6e33245c46d1522875200_full.jpeg	610	237	51.8754	37	44.5372	42	89.027
d1c600997b5989b43618c0e9571a379a1538454455_full.jpeg	611	150	61.7837	71	44.4363	34	31.5558
d1f8c8e2e69a243941477189070f4a9c1531281549_full.jpeg	612	64	82.166	139	88.6315	144	56.416
d207626e8baa71938e43965f2fdf9b841569978229_full.jpeg	613	209	72.8153	73	55.4494	138	78.1855
d289e8b3039d7e00cf456f8f92e69e9f1507249591_full.jpeg	614	63	70.6114	121	62.0774	159	51.6083
d2933cab9aed645c40ecb2704f767a3b1515204685_full.jpeg	615	238	49.2033	55	63.2323	127	70.2365
d30c35a7e579848a8e92e338218f57c81429224923_full.jpeg	616	255	42.0521	0	57.0306	0	74.0768
d3248f93882ab7879a116b837da056f41364699336_full.jpeg	617	157	73.4144	88	68.4372	146	63.1829
d34e93dbf1f415f97abc6d0bcf9530441475826495_full.jpeg	618	226	64.2682	63	44.1521	40	86.5172
d3d772de710a3d8cf66e2da8de7f11c11538711563_full.jpeg	619	243	69.0668	41	50.5003	36	82.4212
d4dc90fd4a8dac736cdd95c9236353591491511177_full.jpeg	620	76	78.657	129	61.7958	38	55.351
d4e0f7bb37eb53e7c79a355c948d665b1373186751_full.jpeg	621	198	79.2554	98	48.1293	28	87.9111
d543ac6e44978996d0a2103c3e5f6bab1491904820_full.jpeg	622	159	49.4021	86	38.2019	98	35.9389
d55d9158bab31105141e8cd25d86f5ad1522947538_full.jpeg	623	43	36.8377	123	61.2128	134	49.0166
d5e35e8b90ee813fd4be01f47bd8f5821555109988_full.jpeg	624	209	67.6365	49	47.3984	42	55.985
d5f210096bde2ef386f3aab1f7e7d4fe1467378311_full.jpeg	625	210	48.1344	40	50.3771	101	84.4535
d5f83364c0360f7085ebf9a190c7e2401507939393_full.jpeg	626	201	87.3688	37	50.858	35	76.4493
d6b86e43bfb2e1973388eef42ca820151507939806_full.jpeg	627	243	52.7043	28	64.7129	143	78.1049
d6f1d1a2e17e22c87063bcebe41b25731333490143_full.jpeg	628	245	52.9499	33	37.9594	212	90.5371
d7ce1f6d630b4dc268b7a84cbb9ba0351499362706_full.jpeg	629	237	46.4469	58	48.4246	45	79.9328
d81a664ee0254aa34b5fe84e45ba93bb1506970958_full.jpeg	630	164	61.8744	70	53.198	180	89.8385
d82364ba9b1f0414f24714cc4f8f261e1342639264_full.jpeg	631	255	52.0643	0	60.5753	0	52.9879
d8275c93f3ed104ca139392afaa40bd91436996602_full.jpeg	632	242	35.5995	57	41.4907	19	116.4333
d8a4a69bb844d45f649b427bdd8cee981324617644_full.jpeg	633	127	71.3803	142	80.0834	137	67.2218
d8b434b203dc4b046e6c472886d7961e1493418583_full.jpeg	634	217	43.8417	30	49.1895	147	60.3157
d91bd4acd918bbc9db5bedbbd2b3b3101491522616_full.jpeg	635	244	45.0581	46	52.465	185	82.4987
d932c6dd485a3b08fc1d8672a53ef23b1475183881_full.jpeg	636	137	66.8236	114	62.1951	171	62.554
d9a8fbeb4b5b9e2f2a0085d5d20c63df1337895779_full.jpeg	637	201	67.1094	71	58.4925	184	88.2959
d9f5e51c6ce7a1c3c36cd0728596d2dc1389320768_full.jpeg	638	232	67.9741	102	52.9169	141	76.3032
da12f39436dbe186a67d6dbb96e4971b1534191908_full.jpeg	639	253	59.6451	148	50.9714	32	48.2104
da61b109ab40bc4dba1716506a3ce68a1467925674_full.jpeg	640	210	51.4445	84	52.9869	137	56.2892
db091db10d71a19dc8ea5ba3e45513371582643783_full.jpeg	641	98	69.2938	100	61.1164	175	65.3649
db4565f9025212d19ce241ee108e46b21538181824_full.jpeg	642	119	62.2664	102	66.6798	164	65.7762
dc592cdaffe39ce24be6f822a55479371523077379_full.jpeg	643	217	87.8532	59	78.8415	16	76.6777
dd27dac66302d221deedffbb02f6e10a1533234786_full.jpeg	644	227	50.5291	61	52.2142	134	92.4951
dd98d8806b2de8ec89f75f21f65863ed1491256671_full.jpeg	645	249	70.6621	11	51.9041	23	71.4292
de3c5b50dee64c1144c977f678a208d41452039271_full.jpeg	646	239	44.2399	70	65.5182	181	87.6751
de45d731aa97d72a4c8915508d5596dc1579031094_full.jpeg	647	248	45.3885	11	40.8526	139	72.2005
deaf323b7654b1e9d6a63b9dfb1ae8cc1532553708_full.jpeg	648	171	72.7879	94	63.5173	162	84.963
deb0ebb4b44cb70865105d6fba2e12dc1546658576_full.jpeg	649	255	68.0018	0	48.895	0	87.9304
df2428f98b4686fa97f076659e0b8ab51543533019_full.jpeg	650	226	60.5604	37	64.7131	42	84.9092
df36a4d78ce8b599d40f325e7cc7349d1514516525_full.jpeg	651	255	37.1835	119	80.7468	139	63.8909
e0c8a39fa014e57a95ef3682a4cc61d31483733959_full.jpeg	652	143	83.5222	131	70.2031	27	85.1968
e1473118d07ceefff832277a81752a601413929883_full.jpeg	653	191	77.3944	61	66.6329	25	85.0446
e14b0ca99c865bda94c0a491476096091327531053_full.jpeg	654	29	91.7935	2	61.5611	0	48.9219
e1f468b81edfa6254ae35e7a0b856ffa1529355959_full.jpeg	655	254	61.2329	255	81.855	40	50.9245
e22351e4714b72114c4bec1c22d275851529097161_full.jpeg	656	51	74.5338	33	68.6958	43	82.1395
e2ee07328be2ad91eb1325a4310799091532553339_full.jpeg	657	191	73.9565	61	63.4836	46	74.3772
e2f61fbb70a8cf068d7d4f70bde1e7551499847860_full.jpeg	658	122	89.6932	128	75.7415	155	99.2709
e3071c379b2474672b48c4c7149110681508359985_full.jpeg	659	125	65.9224	148	68.5609	20	45.0579
e40991345c8b5e6a9943cdc393fb63ea1551143218_full.jpeg	660	135	63.419	51	52.2822	148	92.2338
e47aa95a73f0b007bc1bece79ed05b981349127209_full.jpeg	661	167	57.4461	128	68.4029	32	72.8248
e48952743146d7a28c427717decb57161428521407_full.jpeg	662	251	39.9858	6	73.7508	49	96.7826
e54c39524e0543d90084c390a8a4407d1360000093_full.jpeg	663	229	44.0047	139	112.8213	151	75.6856
e64024a2ef4eb6c8bc4ce942b0544c571356627125_full.jpeg	664	208	50.6188	45	48.6197	116	95.556
e64bf81f4a7d81127341d1ccdc0a30061490903290_full.jpeg	665	113	80.9028	136	71.6329	159	58.2249
e652c6a7de983d6b81c2ba7af45b04531475920888_full.jpeg	666	235	96.5765	200	92.7438	42	62.6196
e662d743356aca32519bfb8c097f14d21533940075_full.jpeg	667	169	57.0313	77	48.9258	154	61.5626
e66af9c4959952413ea7c735a754ada71380144050_full.jpeg	668	201	70.9563	75	66.6462	124	69.9737
e75203df3d9fbee76d042cb172994f1d1571271082_full.jpeg	669	138	72.1776	60	42.5755	127	57.1116
e7ca1df1c26f5e9ce73c9d1ccaf276401542240176_full.jpeg	670	232	68.5015	249	83.5167	138	57.6861
e7fb30f36753544de0691c836fa006291317839169_full.jpeg	671	215	38.339	29	38.3836	138	50.0197
e8e3c09f8450c3d8a90a03e2198688f61515484130_full.jpeg	672	169	74.2474	76	72.5878	155	77.5784
e91939a4f48ac442425e1ded03ba36731467927131_full.jpeg	673	28	81.9559	145	75.5861	26	17.06
e9724d06d964d91e937874b67ccab1791481589502_full.jpeg	674	69	40.6054	103	53.1073	27	67.0447
e9d06c4b49db6a61f50d15d22056001f1549334227_full.jpeg	675	194	79.6873	117	60.3759	26	113.4214
e9e2e44446dcc49fec0ccaec5d824ba01531187069_full.jpeg	676	188	91.683	106	84.9921	170	98.1714
e9ef1778c1a5d5e42dc57c486ae9b17b1570744289_full.jpeg	677	173	62.3205	64	86.1305	73	81.9044
ea3652eecf2b2bb2569e9c999c3db0ab1401316123_full.jpeg	678	80	67.0649	56	38.9266	142	69.7942
eab753d7042ac8548c9b08a2cf0fa2961533925412_full.jpeg	679	31	53.0623	115	69.5725	170	99.4947
eb010c5efc2550478889040ace097fa41404850653_full.jpeg	680	193	91.6802	111	93.8542	42	70.6374
eb574ad8eca9c73a41a5e08b9b4264e51431481219_full.jpeg	681	227	61.3413	62	50.9482	142	89.0413
eb7240c98ed971b547c24d00c6753dfa1502320432_full.jpeg	682	234	53.1376	48	48.0912	159	96.2887
eb8084f8230108f487402956e9984f1c1384463925_full.jpeg	683	217	72.9058	130	75.4349	117	72.3497
eb8e031b31c11a2dc86f67356c3b33fe1380822049_full.jpeg	684	224	61.2842	34	33.1605	154	34.841
ebc3cee0d3d66bc61c79c6a3bf4f3d2b1569965179_full.jpeg	685	228	61.2467	17	50.9102	144	85.8502
ebe36ac6ee6e6b5fdce5df70a96aa49a1507099342_full.jpeg	686	224	57.148	61	52.4025	70	94.7305
ed4dce19ca2ba9d41119f50240c557c71420578229_full.jpeg	687	150	72.4999	57	73.7218	146	66.3308
ed8375ecb2b2565766ad4afea4f658261507330691_full.jpeg	688	239	47.3078	72	61.7463	142	68.7648
edb25fe0e22e15adfbea8c1464fad82d1443951233_full.jpeg	689	159	70.3427	70	55.9458	43	84.3533
edbd0bb8d5722f91def4c4c8c45327431351191195_full.jpeg	690	222	56.1895	6	27.1655	42	65.4805
ee2d3bb6a90a2c471c18a7eed18ff0691451338768_full.jpeg	691	130	69.96	77	63.9977	129	69.2843
ee5d1e2e972db91abfdd90284c8b74351523301700_full.jpeg	692	165	71.1922	96	56.1639	49	79.3686
ee684355f8eebb17e3dae6ade27934621554708530_full.jpeg	693	205	65.1129	98	61.425	61	79.1568
ee891011d4f27b2c7aea8ec45c5042121373185343_full.jpeg	694	129	97.1204	31	54.0316	127	87.4372
eec93e750b6b873f13e04a2c77d57dca1412806442_full.jpeg	695	214	77.2254	41	60.9631	28	82.5641
ef5256ff4c4090c9fd1440592f1a0a2e1500413854_full.jpeg	696	253	69.7829	21	69.8161	146	59.3982
ef6f1771e7b4e985bd65544121f3c1231546987212_full.jpeg	697	145	87.4743	46	55.6107	168	101.9452
efcb90af8fd6560648ab127c978f6ea91405097722_full.jpeg	698	246	63.2804	10	46.9798	15	80.9182
f006ae1c996634acbaf00c63d1ac25df1535668840_full.jpeg	699	240	70.5395	56	78.0316	39	79.9658
f0b2bc2e56d907f52c15e7ac5ead7c551499857083_full.jpeg	700	241	66.5156	68	56.7437	22	54.2368
f0d9114bea0e7755bce467468d65d6dc1443644788_full.jpeg	701	202	69.3864	206	66.0375	146	16.1165
f106598ffa6ec4b751e63191ac26ca491475564561_full.jpeg	702	194	58.6884	87	58.6862	153	55.7265
f1fe5c7a43cb2f38f4152a58f89479821554508873_full.jpeg	703	44	63.6914	125	63.1566	158	50.9468
f24f103a10fd45daab2d4754d2e384b71437527434_full.jpeg	704	172	72.7519	123	61.811	100	42.2706
f297155beaec0e5f1ed091f6ed5d617c1568071180_full.jpeg	705	231	72.9159	48	64.2987	127	82.838
f2ccbd8ea20320fda0f49b23bb43d2d21396649462_full.jpeg	706	254	57.5259	5	61.1272	122	72.4644
f2d624eeec0d2bdb7278bdd09e0b8ea91532022699_full.jpeg	707	191	69.6343	49	52.1903	23	74.2591
f2e9101be6f96bf61ad3dd7c59cf95151547049778_full.jpeg	708	247	44.195	75	55.6757	134	57.5502
f39842bd473e2db08ea8a1d8849c93ae1412197326_full.jpeg	709	128	75.5011	116	83.5423	155	63.2934
f40bce3e7b77f3d2797fd0dca53f0f541555109944_full.jpeg	710	222	61.5639	69	38.0887	146	81.3926
f4ca1a545a471a9ce6e43eef8e8d72541539734102_full.jpeg	711	203	64.401	66	68.5047	44	76.6935
f543f3ac08acc24bfebe28ac2e8ac9231507245129_full.jpeg	712	248	52.5539	24	48.144	34	90.0392
f5471f12c6da69630ae06f0c2855561d1513144925_full.jpeg	713	215	62.902	20	50.3661	42	76.3683
f584f1a1c42a9d60d96b7b899c950a901396569315_full.jpeg	714	158	59.3512	92	48.8236	55	65.2903
f5a1c70df13361b1ffcab4f01f3628f41428603548_full.jpeg	715	239	79.3746	53	45.1324	132	65.8992
f67a9d25f1a79891bd8cc9e68bf6021c1435186459_full.jpeg	716	132	75.6346	57	53.1216	170	89.7004
f6f7c9535c942abd78d2e79d4930054b1427742235_full.jpeg	717	255	47.7384	0	31.1662	0	60.1872
f7510d2e62fddf8d0705b5960cbe53511523422491_full.jpeg	718	124	76.9138	53	34.6864	168	48.2259
f7582dc61846a118b093b8eda7c002ff1429227835_full.jpeg	719	224	52.0583	61	38.9419	157	73.0162
f7cdf17182ad1deb81b07a2aa09ffcc51539392387_full.jpeg	720	176	89.5322	35	58.9457	40	85.2935
f7d9ebb45ceba86e262ca09c94e57a251396904978_full.jpeg	721	255	54.321	67	73.5391	106	85.386
f814fb0bb1df330ae9af4db7d00125591462574622_full.jpeg	722	208	54.0454	49	56.7666	144	62.3747
f81ff79a711c6ffb290742cf86480fa51443057401_full.jpeg	723	250	60.41	76	57.668	140	57.0804
f86f9fd7b31f0374748a7704670266491389044977_full.jpeg	724	70	68.3455	142	88.4839	96	103.4022
f88be0911730e73f7dabc6a5237c32731562074103_full.jpeg	725	233	36.4421	77	80.9245	137	62.8761
f8e77ffccd87f92a284f83b780c1fd301333469169_full.jpeg	726	140	80.1191	127	71.7835	162	85.334
f8fac7a1c5cef184eeaff834fc98bcfb1357156029_full.jpeg	727	186	59.0946	102	62.9656	37	44.0684
f93fed24fab3b7e9a4b23cb375e7eac51507190163_full.jpeg	728	117	63.092	148	73.6714	10	103.9396
f9620dfbaf00aeb3e285955f70104c001459906859_full.jpeg	729	134	69.2407	147	80.1812	154	58.8192
f9f6337b02f4cd45d88036aeeda724781532553378_full.jpeg	730	254	43.2977	4	45.1393	16	83.6766
fa04db0727a94cb853d9284338049b261536274222_full.jpeg	731	255	28.4374	0	58.7206	0	68.4966
fa152294500d068e6a0c19086dc000b21538634514_full.jpeg	732	114	76.2113	67	76.0594	156	103.8645
fa1ecb900e0aba66d36e861897c54d091554507891_full.jpeg	733	190	51.3891	26	66.3017	145	79.0412
faa002ac9675024246d94d4b8f4133561547263949_full.jpeg	734	67	87.4499	87	76.506	226	97.4726
fabddf1040abbd18948b9aacc18011b31475523493_full.jpeg	735	117	82.7586	75	51.5363	49	83.0816
fb4ca5e8af9ed9ccca9db6c62811c2bd1452128821_full.jpeg	736	220	49.8843	46	43.0513	89	64.9747
fb8356c5eadc218375f03aad6901e67c1501024811_full.jpeg	737	74	63.6031	50	45.2135	125	67.6452
fc8938a7d556f9068bb8ed327c6c56351380569594_full.jpeg	738	203	58.7426	83	65.6528	137	62.465
fcd25c135faf173a4d8a67a82b3400b71507240910_full.jpeg	739	42	76.1696	187	73.8634	21	47.4311
fd241d37083abbc9adb3ad008167ba9b1438800120_full.jpeg	740	115	64.4735	78	37.9954	200	104.6601
fd531f6e42b7fd166808eb6d6139bc031491285980_full.jpeg	741	93	75.2482	41	52.4908	29	85.6785
fd6f801d77097e20eb5ffb9232de14d01430173031_full.jpeg	742	178	64.1928	148	57.5188	20	105.4584
fdaae847bf04501daad0ab5af7f0a50c1404853359_full.jpeg	743	194	64.7485	147	72.2251	163	86.5749
fdd04d77c8a008d238a77fb26ae5024b1467144870_full.jpeg	744	83	77.887	37	53.0671	139	77.6812
fe2da3706ef3fa2147014cd838c43bd51479609880_full.jpeg	745	194	59.5705	63	59.0775	39	71.5582
fe604ed8734e831ceeb0e827c45815971492038534_full.jpeg	746	204	57.1052	103	47.1648	45	97.1808
fe78e4224e5a3a102e5c50d03496c3851536329496_full.jpeg	747	244	79.3065	25	56.489	140	31.8666
feb9b93904dba761c285970ce6d6ab111580259326_full.jpeg	748	111	73.076	105	56.434	200	98.3357
ff08b67ad4ca585246467b41a51d63091507940093_full.jpeg	749	227	71.5211	45	52.4585	36	70.6756
ff283b0a2bb6e9372bbafa3704b25b101547258581_full.jpeg	750	247	36.6401	27	51.2731	26	94.9501
ff307fd8b02c62f08bda9cfa16d375221541632402_full.jpeg	751	242	48.0125	48	54.5715	38	85.5705
ffe5a84ffeafce5f20693f7e9b6ff0151579221442_full.jpeg	752	145	87.7979	195	91.5608	157	77.4622
